532
921
1071
268 269 552 971 1729
1275
1797 1990
1011 1654
368 823 1649
21 828
313
1146 1297
852 1615 1718
886 1580
85 1824
396 845 1736 1825
665 849 1300 1554
1378
478 690 2016
1142 1509
977 1800
1827
18 220
434 1627
149 1680
1467 1883
391
111 1342 1692
1390 1599
91
1575 1599
1199 1475
1260 1804 2016
453 1218 1648
344 1238 1700
535 1264 2022
809 1141
890 1222 1338
200 1804
1251 1880 1968
83 91 1109
1677
241 596
1164 1222 1426 1570 1571 1665
305 784 1873
505 1332
1643 1925
282
886 1084 1706
1570 1617 1665 1931
1924
